120 3840000
32596 33577
33408 34376
32471 33405
33759 34729
32138 33061
32127 33033
32631 33548
33614 34547
33352 34275
32636 33534
32832 33729
33218 34120
33906 34811
32935 33814
33274 34160
32089 32933
32605 33462
33075 33938
33144 34006
32589 33428
33019 33869
33739 34588
33014 33840
32822 33630
33494 34316
32886 33693
32983 33789
33384 34199
32988 33787
33774 34584
32994 33766
33466 34238
33606 34353
33097 33793
33990 34698
32332 32994
33458 34143
32253 32905
32969 33633
32344 32988
33313 33961
33591 34244
32326 32951
32001 32611
32689 33273
33276 33868
33717 34294
32824 33385
33812 34381
33647 34204
32139 32671
33636 34186
33305 33849
33318 33860
33470 34012
33480 34022
33128 33658
33601 34137
32862 33383
33023 33543
33152 33662
32287 32770
33142 33630
33044 33530
33763 34259
33022 33504
33322 33801
32279 32733
33023 33487
32369 32816
32004 32437
33207 33655
33914 34363
33093 33514
32798 33215
32454 32846
32743 33130
33297 33688
33907 34304
33393 33762
33709 34069
32451 32792
32691 33015
33726 34045
33396 33692
32244 32528
32620 32896
32292 32564
33837 34121
32908 33173
33215 33474
33693 33947
33271 33515
32885 33123
33600 33839
32995 33229
32295 32524
32439 32667
32078 32298
33482 33711
33589 33810
33688 33867
32044 32208
33429 33593
33950 34094
33994 34103
33212 33303
32224 32308
33864 33934
32668 32731
32141 32197
32990 33035
32063 32088
33465 33488
32474 32491
32878 32885
32817 32823
33390 33396
33909 33915
32405 32406
