240 1920000
8444 8544
8487 8587
8518 8618
8459 8558
8561 8661
8540 8639
8462 8560
8491 8588
8540 8637
8467 8563
8575 8672
8587 8684
8458 8553
8447 8541
8413 8506
8561 8655
8535 8628
8463 8555
8412 8503
8521 8612
8463 8553
8483 8573
8590 8681
8455 8544
8527 8616
8493 8581
8507 8594
8514 8601
8460 8546
8408 8493
8579 8665
8501 8586
8406 8490
8419 8503
8428 8512
8458 8542
8573 8658
8508 8592
8541 8625
8572 8656
8501 8584
8508 8591
8522 8605
8549 8632
8534 8616
8536 8618
8538 8620
8482 8563
8488 8569
8498 8579
8577 8658
8498 8578
8418 8497
8538 8618
8476 8554
8499 8577
8401 8478
8415 8492
8546 8624
8593 8670
8412 8487
8450 8525
8578 8654
8521 8596
8560 8635
8494 8568
8525 8599
8476 8549
8470 8541
8599 8670
8480 8550
8509 8579
8515 8585
8582 8652
8477 8546
8545 8614
8429 8497
8571 8640
8433 8500
8451 8518
8496 8563
8425 8491
8541 8607
8559 8625
8434 8499
8464 8529
8531 8596
8500 8564
8432 8495
8588 8652
8487 8550
8422 8484
8558 8621
8441 8503
8400 8461
8543 8604
8425 8485
8527 8587
8466 8525
8468 8527
8580 8639
8540 8598
8569 8627
8571 8629
8482 8539
8581 8638
8564 8620
8423 8478
8432 8487
8530 8585
8531 8586
8547 8602
8547 8602
8548 8603
8563 8618
8413 8467
8560 8614
8405 8458
8470 8523
8476 8529
8486 8539
8512 8565
8421 8473
8502 8554
8515 8566
8431 8481
8576 8626
8428 8477
8502 8551
8504 8553
8514 8563
8532 8580
8502 8549
8591 8638
8427 8473
8436 8481
8520 8565
8400 8444
8591 8636
8592 8637
8470 8514
8482 8525
8509 8552
8410 8452
8453 8495
8479 8521
8513 8555
8540 8582
8587 8629
8445 8485
8529 8569
8590 8630
8474 8513
8554 8593
8410 8447
8415 8452
8539 8576
8570 8606
8580 8616
8445 8480
8477 8512
8469 8502
8403 8435
8456 8488
8572 8604
8471 8502
8539 8569
8424 8453
8492 8521
8532 8561
8556 8585
8583 8612
8429 8457
8462 8490
8526 8554
8410 8437
8490 8517
8529 8556
8482 8508
8521 8547
8569 8595
8527 8552
8428 8452
8488 8512
8499 8523
8560 8584
8580 8604
8429 8452
8443 8466
8548 8571
8558 8581
8407 8429
8492 8514
8541 8563
8565 8586
8489 8508
8505 8523
8568 8586
8404 8421
8542 8559
8571 8588
8408 8424
8452 8468
8562 8578
8593 8609
8519 8534
8595 8610
8597 8610
8470 8481
8522 8533
8534 8545
8599 8610
8521 8531
8421 8430
8422 8431
8450 8459
8557 8566
8454 8462
8468 8476
8564 8572
8566 8574
8466 8473
8490 8497
8586 8593
8414 8420
8499 8504
8582 8587
8525 8529
8406 8409
8546 8549
8444 8446
8447 8449
8479 8481
8533 8535
8440 8441
8481 8482
8487 8488
8500 8501
8539 8540
8590 8591
